0,1,0,1.0
0,2,0,0.1
0,2,22,0.9
0,3,0,1.0
0,4,0,0.1
0,4,11,0.9
0,5,0,1.0
1,1,0,1.0
1,2,1,0.1
1,2,23,0.9
1,3,1,1.0
1,4,1,0.1
1,4,12,0.9
1,5,1,1.0
2,1,2,1.0
2,2,2,0.1
2,2,24,0.9
2,3,2,1.0
2,4,2,0.1
2,4,13,0.9
2,5,2,1.0
3,1,2,1.0
3,2,3,0.1
3,2,25,0.9
3,3,3,1.0
3,4,3,0.1
3,4,14,0.9
3,5,3,1.0
4,1,4,1.0
4,2,4,0.1
4,2,26,0.9
4,3,4,1.0
4,4,4,0.1
4,4,15,0.9
4,5,4,1.0
5,1,4,1.0
5,2,5,0.1
5,2,27,0.9
5,3,5,1.0
5,4,5,0.1
5,4,16,0.9
5,5,5,1.0
6,1,6,1.0
6,2,6,0.1
6,2,28,0.9
6,3,6,1.0
6,4,6,0.1
6,4,17,0.9
6,5,6,1.0
7,1,7,1.0
7,2,7,0.1
7,2,29,0.9
7,3,7,1.0
7,4,7,0.1
7,4,18,0.9
7,5,7,1.0
8,1,7,1.0
8,2,8,0.1
8,2,30,0.9
8,3,8,1.0
8,4,8,0.1
8,4,19,0.9
8,5,8,1.0
9,1,9,1.0
9,2,9,0.1
9,2,31,0.9
9,3,9,1.0
9,4,9,0.1
9,4,20,0.9
9,5,9,1.0
10,1,10,1.0
10,2,10,0.1
10,2,32,0.9
10,3,10,1.0
10,4,10,0.1
10,4,21,0.9
10,5,10,1.0
11,1,11,1.0
11,2,11,0.1
11,2,33,0.9
11,3,11,1.0
11,4,11,1.0
11,5,0,0.9
11,5,11,0.1
12,1,12,1.0
12,2,12,0.1
12,2,34,0.9
12,3,12,1.0
12,4,12,1.0
12,5,1,0.9
12,5,12,0.1
13,1,11,1.0
13,2,13,0.1
13,2,35,0.9
13,3,13,1.0
13,4,13,1.0
13,5,2,0.9
13,5,13,0.1
14,1,12,1.0
14,2,14,0.1
14,2,36,0.9
14,3,14,1.0
14,4,14,1.0
14,5,3,0.9
14,5,14,0.1
15,1,15,1.0
15,2,15,0.1
15,2,37,0.9
15,3,15,1.0
15,4,15,1.0
15,5,4,0.9
15,5,15,0.1
16,1,16,1.0
16,2,16,0.1
16,2,38,0.9
16,3,16,1.0
16,4,16,1.0
16,5,5,0.9
16,5,16,0.1
17,1,15,1.0
17,2,17,0.1
17,2,39,0.9
17,3,17,1.0
17,4,17,1.0
17,5,6,0.9
17,5,17,0.1
18,1,18,1.0
18,2,18,0.1
18,2,40,0.9
18,3,18,1.0
18,4,18,1.0
18,5,7,0.9
18,5,18,0.1
19,1,19,1.0
19,2,19,0.1
19,2,41,0.9
19,3,19,1.0
19,4,19,1.0
19,5,8,0.9
19,5,19,0.1
20,1,18,1.0
20,2,20,0.1
20,2,42,0.9
20,3,20,1.0
20,4,20,1.0
20,5,9,0.9
20,5,20,0.1
21,1,21,1.0
21,2,21,0.1
21,2,43,0.9
21,3,21,1.0
21,4,21,1.0
21,5,10,0.9
21,5,21,0.1
22,1,22,1.0
22,2,22,1.0
22,3,0,0.9
22,3,22,0.1
22,4,22,0.1
22,4,33,0.9
22,5,22,1.0
23,1,23,1.0
23,2,23,1.0
23,3,1,0.9
23,3,23,0.1
23,4,23,0.1
23,4,34,0.9
23,5,23,1.0
24,1,24,1.0
24,2,24,1.0
24,3,2,0.9
24,3,24,0.1
24,4,24,0.1
24,4,35,0.9
24,5,24,1.0
25,1,25,1.0
25,2,25,1.0
25,3,3,0.9
25,3,25,0.1
25,4,25,0.1
25,4,36,0.9
25,5,25,1.0
26,1,22,1.0
26,2,26,1.0
26,3,4,0.9
26,3,26,0.1
26,4,26,0.1
26,4,37,0.9
26,5,26,1.0
27,1,23,1.0
27,2,27,1.0
27,3,5,0.9
27,3,27,0.1
27,4,27,0.1
27,4,38,0.9
27,5,27,1.0
28,1,24,1.0
28,2,28,1.0
28,3,6,0.9
28,3,28,0.1
28,4,28,0.1
28,4,39,0.9
28,5,28,1.0
29,1,29,1.0
29,2,29,1.0
29,3,7,0.9
29,3,29,0.1
29,4,29,0.1
29,4,40,0.9
29,5,29,1.0
30,1,30,1.0
30,2,30,1.0
30,3,8,0.9
30,3,30,0.1
30,4,30,0.1
30,4,41,0.9
30,5,30,1.0
31,1,31,1.0
31,2,31,1.0
31,3,9,0.9
31,3,31,0.1
31,4,31,0.1
31,4,42,0.9
31,5,31,1.0
32,1,29,1.0
32,2,32,1.0
32,3,10,0.9
32,3,32,0.1
32,4,32,0.1
32,4,43,0.9
32,5,32,1.0
33,1,33,1.0
33,2,33,1.0
33,3,11,0.9
33,3,33,0.1
33,4,33,1.0
33,5,22,0.9
33,5,33,0.1
34,1,34,1.0
34,2,34,1.0
34,3,12,0.9
34,3,34,0.1
34,4,34,1.0
34,5,23,0.9
34,5,34,0.1
35,1,35,1.0
35,2,35,1.0
35,3,13,0.9
35,3,35,0.1
35,4,35,1.0
35,5,24,0.9
35,5,35,0.1
36,1,36,1.0
36,2,36,1.0
36,3,14,0.9
36,3,36,0.1
36,4,36,1.0
36,5,25,0.9
36,5,36,0.1
37,1,37,1.0
37,2,37,1.0
37,3,15,0.9
37,3,37,0.1
37,4,37,1.0
37,5,26,0.9
37,5,37,0.1
38,1,38,1.0
38,2,38,1.0
38,3,16,0.9
38,3,38,0.1
38,4,38,1.0
38,5,27,0.9
38,5,38,0.1
39,1,39,1.0
39,2,39,1.0
39,3,17,0.9
39,3,39,0.1
39,4,39,1.0
39,5,28,0.9
39,5,39,0.1
40,1,33,1.0
40,2,40,1.0
40,3,18,0.9
40,3,40,0.1
40,4,40,1.0
40,5,29,0.9
40,5,40,0.1
41,1,34,1.0
41,2,41,1.0
41,3,19,0.9
41,3,41,0.1
41,4,41,1.0
41,5,30,0.9
41,5,41,0.1
42,1,35,1.0
42,2,42,1.0
42,3,20,0.9
42,3,42,0.1
42,4,42,1.0
42,5,31,0.9
42,5,42,0.1
43,1,37,1.0
43,2,43,1.0
43,3,21,0.9
43,3,43,0.1
43,4,43,1.0
43,5,32,0.9
43,5,43,0.1
